0		125		142		11		27
1		124		145		11		27		
2		124		147		11		27	
3		124		148		11		27		
4		122		147		11		27	
5		122		148		10		26
6		121		152		11		26
7		121		155 		11		26		
8		117		156		10		26
9		115		159		10		26
10		112		161		11		26
11		107		161		10		26	
12		104		159		10		26
13		102		155		10		25	
14		100		154		10		26	
15		102		153		10		26	
16		101		152		10		27		
17		102		153		10		27		
18		103		153		10		27			
19		106		153		10		27
20		107		152		10		26
21		108		151		10		27
22		111		150		11		27
23		112		150		11		26
24		114		151		11		26
25		115		152		11		26
26		117		154		10		26
27		119		153		10		26
28		120		151		10		26
29		120		148		10		26	
30		120		144		10		27
31		119		143		10		27
32		117		143		10		26
33		119		142		10		26
34		119		145		10		26
35		120		144		10		26
36		119		145		10		26			
37		120		144		10		26
38		117		142		10		26
39		118		141		10		26
40		117		140		10		27
41		115		139		10		27		
42		115		141		11		28
43		114		143		11		28
44		112		143		11		27
45		110		142		11		27
46		105		142		10		27	
47		100		139		10		28		
48		97		137		10		29
49		95		137		10		29
50		95		139		10		29
51		95		142		10		29
52		95		145		10		29
53		97		148		10		29	
54		95		147		10		29	
55		98		146		10		30	
56		100		147		10		29	
57		106		145		10		29				
58		109		142		10		30
59		113		139		10		30
60		116		141		11		30	
61		119		143		11		29		
62		120		145		11		29	
63		121		144		10		29
64		123		143		10		29
65		125		141		11		29		
66		126		138		11		29
67		127		138		11		29	
68		125		139		10		29
69		126		137		10		29
70		130		138		10		29	
71		132		137		10		29	
72		134		137		10		29		
73		132		140		10		29		
74		130		142		10		29	
75		133		144		10		29		
76		132		143		10		29
77		128		145		10		29		
78		119		147		10		30
79		117		150		11		30
80		119		149		11		30		
81		116		147		10		30		
82		115		145		10		30
83		117		140		10		30
84		119		137		10		30
85		120		135		10		30	
86		123		134		10		30
87		125		134		10		30
88		129		137		10		30
89		131		138		10		30		
90		133		139		10		30
91		138		138		10		30		
92		141		138		10		30		
93		142		138		11		30	
94		142		140		12		30		
95		144		142		12		30
96		143		144		12		30
97		142		145		12		30		
98		143		145		12		30
99		142		145		11		30	
100		140		143		11		30
101		137		141		11		30
102		137		137		11		30
103		136		136		11		30		
104		136		135		11		30
105		136		135		11		30		
106		137		136		11		30		
107		135		135		11		30	
108		134		131		11		30		
109		133		127		11		30
110		129		125		11		30		
111		125		121		11		30	
112		122		119		12		31	
113		120		119		12		31	
114		116		124		12		31	
115		114		129		12		31
116		113		133		12		31
117		113		134		12		31
118		109		138		12		31	
119		107		138		12		31
120		110		138		12		31
121		114		139		12		31
122		116		140		12		31
123		119		141		12		31
124		123		143		12		31
125		126		143		12		31
126		128		146		12		31
127		130		146		12		31
128		132		145		12		31
129		135		144		12		31
130		137		148		12		31
131		138		150		12		31	
132		139		153		12		31
133		140		155		11		31	
134		143		158		11		31
135		142		162		11		31	
136		144		165		11		31
137		144		162		11		31
138		143		163		11		31
139		142		163		11		31
140		141		167		11		31
141		143		168		11		31
142		143		170		11		31
143		143		168		11		31
144		144		168		11		31
145		143		167		11		31
146		141		166		11		31
147		144		161		11		31	
148		144		161		11		31	
149		145		162		11		31
150		145		162		12		31
151		147		157		12		31
152		147		156		12		31	
153		148		153		12		31
154		145		149		12		31
155		144		146		12		31
156		144		143		12		31
157		143		140		12		31
158		142		142		12		31
159		140		146		12		31
160		142		148		12		31
161		147		148		12		31
162		150		147		12		31		
163		152		145		12		31
164		152		144		12		31
165		154		145		12		31
166		153		146		12		31
167		154		148		12		31
168		154		151		12		31
169		156		153		12		31
170		152		156		12		31
171		152		156		12		31
172		152		154		12		31
173		151		150		12		31	
174		148		151		12		31
175		145		153		12		31
176		146		157		12		31
177		144		158		12		31
178		144		158		12		31
179		143		159		12		31
180		143		158		12		31
181		144		154		12		32
182		145		153		12		32
183		142		155		12		32
184		134		157		12		32
185		135		160		12		32
186		130		157		12		32	
187		128		154		12		32
188		127		152		12		32
189		127		150		12		32
190		128		146		12		32
191		133		143		12		32
192		137		144		12		32
193		135		147		12		32
194		138		152		12		32
195		142		153		12		32
196		148		152		12		32
197		150		150		12		32
198		150		146		12		32
199		147		144		12		32
200		147		145		12		32
201		148		149		12		32
202		153		153		12		32
203		157		156		12		32
204		157		159		13		32
205		159		158		13		32
206		160		159		13		32
207		159		157		13		32	
208		159		160		13		32
209		161		163		13		32
210		161		165		13		32
211		164		167		13		32
212		160		170		13		32
213		159		172		13		32
214		158		175		13		32
215		153		178		13		32
216		150		181		13		32
217		148		181		13		32
218		143		183		13		32
219		143		186		13		32
220		142		190		13		32
221		141		190		13		32
222		141		185		13		32
223		140		184		13		32
224		137		177		13		33
225		137		174		13		33
226		135		168		13		33
227		130		165		13		33
228		130		166		13		33
229		130		167		13		33
230		129		168		12		33		
231		123		166		12		33
232		124		166		12		33
233		125		163		12		33
234		126		161		12		33
235		124		157		12		34
236		118		152		13		34
237		114		148		13		34
238		117		146		13		34
239		124		150		13		34
240		128		153		12		34
241		134		153		12		34	
242		137		153		12		34
243		137		152		12		34
244		136		151		12		34
245		135		151		12		34
246		136		153		12		34
247		137		156		12		34
248		136		159		13		34
249		139		163		13		34
250		140		164		12		35
251		142		164		13		35	
252		147		165		12		35
253		148		166		12		35
254		148		169		12		34
255		145		170		13		35	
256		147		173		13		34
257		149		173		13		35
258		152		175		13		34	
259		154		176		13		35
260		154		177		12		35
261		155		179		12		35
262		156		179		12		35
263		151		182		12		35	
264		141		188		12		35
265		137		190		12		35
266		137		192		12		35
267		136		188		12		35
268		137		185		12		35		
269		136		183		13		35
270		134		183		13		35
271		134		181		12		35
272		135		178		12		35
273		135		178		12		35
274		133		178		12		35
275		128		177		12		35
276		126		176		12		35
277		128		175		12		35
278		127		175		12		35
279		125		175		12		35	
280		124		176		12		35
281		123		179		12		35
282		123		182		12		35
283		126		183		12		35
284		128		183		12		35
285		129		181		13		35
286		133		181		13		35
287		132		183		13		35
288		128		182		13		35
289		127		182		13		35
290		128		185		13		35
291		129		187		13		35
292		131		187		13		36
293		128		188		13		36
294		128		187		13		36
295		126		188		13		36
296		125		190		13		36
297		128		191		13		36	
298		128		190		13		36	
299		127		193		13		36
300		125		195		13		36
301		123		191		13		36
302		121		185		13		36
303		118		184		13		36
304		116		182		13		36
305		113		181		13		36
306		108		179		13		36